0.000000000000000000e+00 3.205620938387065522e+00
1.265822784810126667e-01 2.504981580069681080e+00
2.531645569620253333e-01 2.443734773562255214e+00
3.797468354430380000e-01 2.545120063334222138e+00
5.063291139240506666e-01 1.913618903633115487e+00
6.329113924050633333e-01 2.499021072553088696e-01
7.594936708860760000e-01 4.871107930686719989e-01
8.860759493670886666e-01 -4.611886267616763790e-01
1.012658227848101333e+00 -8.933814026259903063e-01
1.139240506329114000e+00 -1.058159061576565918e+00
1.265822784810126667e+00 -1.435687505574291478e+00
1.392405063291139333e+00 -1.072204576756801142e+00
1.518987341772152000e+00 -1.396499193948763207e+00
1.645569620253164667e+00 -1.589654874700495268e+00
1.772151898734177333e+00 -1.299248156842849111e+00
1.898734177215190000e+00 -1.099052064236074377e+00
2.025316455696202667e+00 -3.282771626024881817e-01
2.151898734177215111e+00 -6.620765569126439987e-01
2.278481012658228000e+00 -9.371710867377294751e-02
2.405063291139240889e+00 -2.079222283983303277e-01
2.531645569620253333e+00 -5.648369061952289716e-01
2.658227848101265778e+00 9.920319961725085900e-01
2.784810126582278667e+00 1.287933001236556407e+00
2.911392405063291555e+00 7.847841812925543392e-01
3.037974683544304000e+00 2.052631170589666709e+00
3.164556962025316444e+00 5.503787343625077266e-01
3.291139240506329333e+00 1.067573034761507556e+00
3.417721518987342222e+00 8.307960868448537317e-01
3.544303797468354666e+00 1.327170919442682395e+00
3.670886075949367111e+00 1.077147141433701716e+00
3.797468354430380000e+00 3.098022664395340131e-01
3.924050632911392889e+00 1.567768102259288199e-01
4.050632911392405333e+00 -5.773988469072750540e-01
4.177215189873417778e+00 -1.214483705468806685e+00
4.303797468354430222e+00 -7.224672927886728324e-01
4.430379746835443555e+00 -6.354240423702864904e-01
4.556962025316456000e+00 -2.696895177825262557e-01
4.683544303797468444e+00 -2.929885474088658737e-01
4.810126582278481777e+00 -8.917083859285362957e-01
4.936708860759494222e+00 -7.765932334016432126e-01
5.063291139240506666e+00 -9.578282654252251449e-01
5.189873417721519111e+00 -9.625639766961981980e-01
5.316455696202531556e+00 -9.172843193825163111e-01
5.443037974683544888e+00 7.102438888652462534e-01
5.569620253164557333e+00 -1.149231850755783324e-01
5.696202531645569778e+00 5.738071205872594116e-02
5.822784810126583110e+00 -1.482392544616448760e-01
5.949367088607595555e+00 7.546295171750317943e-01
6.075949367088608000e+00 -1.445686631570786140e-01
6.202531645569620444e+00 4.383040283132103032e-01
6.329113924050632889e+00 1.534131903688907839e-01
6.455696202531646222e+00 6.231888876052182891e-01
6.582278481012658666e+00 1.941947209098529303e-01
6.708860759493671111e+00 -1.643605989811397494e-01
6.835443037974684444e+00 1.922371878986721683e-01
6.962025316455696888e+00 2.640951323218588831e-01
7.088607594936709333e+00 9.594251394735020533e-03
7.215189873417721778e+00 2.000876558535688576e-03
7.341772151898734222e+00 -4.609731107764899471e-01
7.468354430379747555e+00 -4.221828698304608274e-01
7.594936708860760000e+00 -5.942462363812970327e-01
7.721518987341772444e+00 -4.938989922313010150e-01
7.848101265822785777e+00 -6.766677757012271588e-01
7.974683544303798222e+00 -1.021126448364019668e+00
8.101265822784810666e+00 -2.193814059083406820e-01
8.227848101265823999e+00 -3.950566470601428737e-01
8.354430379746835555e+00 -8.191493251033550305e-01
8.481012658227848888e+00 9.167244808526335553e-02
8.607594936708860445e+00 -3.813839509316003240e-01
8.734177215189873777e+00 7.384952509756191608e-02
8.860759493670887110e+00 4.085268307636781282e-01
8.987341772151898667e+00 2.210558302608614245e-01
9.113924050632912000e+00 6.639394902693180889e-01
9.240506329113925332e+00 -2.624692047056514932e-01
9.367088607594936889e+00 3.997310528250983541e-01
9.493670886075950222e+00 -4.322692812784775795e-02
9.620253164556963554e+00 -1.396952616336784025e-01
9.746835443037975111e+00 -5.672405465778604383e-02
9.873417721518988444e+00 7.493334467294499035e-03
1.000000000000000000e+01 1.062096755978733376e-01
